1
16777216 0 0.00181949
2
16777216 1 0.00201083
17
16777216 16 0.0101954
65
16777216 64 0.0540226
257
16777216 256 0.217742
1025
16777216 1024 0.833804
4099
16777216 4098 3.33107
16385
16777216 16384 13.3125
65537
16777216 65536 53.2292
1
67108864 0 0.00774166
2
67108864 1 0.00802572
17
67108864 16 0.0406806
65
67108864 64 0.216086
257
67108864 256 0.840054
1025
67108864 1024 3.33435
4099
67108864 4098 13.3133
16385
67108864 16384 53.2404
65537
67108864 65536 212.882
1
268435456 0 0.0312999
2
268435456 1 0.0339928
17
268435456 16 0.161392
65
268435456 64 0.864153
257
268435456 256 3.3578
1025
268435456 1024 13.3336
4099
268435456 4098 53.2604
16385
268435456 16384 212.865
65537
268435456 65536 851.656
1
1073741824 0 0.12688
2
1073741824 1 0.136153
17
1073741824 16 0.651529
65
1073741824 64 3.45914
257
1073741824 256 13.4411
1025
1073741824 1024 53.3258
4099
1073741824 4098 212.998
16385
1073741824 16384 851.591
65537
1073741824 65536 3405.98
1
17179869184 0 2.06487
2
17179869184 1 2.21058
17
17179869184 16 10.4661
65
17179869184 64 55.3539
257
17179869184 256 214.961
1025
17179869184 1024 853.045
4099
17179869184 4098 3407.09
16385
17179869184 16384 13620.5
65537
17179869184 65536 54484.2
