1
16777216 0 0.00251681
2
16777216 1 0.00280304
17
16777216 16 0.00494374
65
16777216 64 0.0189532
257
16777216 256 0.0748281
1025
16777216 1024 0.294112
4099
16777216 4098 1.18034
16385
16777216 16384 4.71648
65537
16777216 65536 18.9397
1
67108864 0 0.0040148
2
67108864 1 0.00455806
17
67108864 16 0.0157512
65
67108864 64 0.0731287
257
67108864 256 0.291184
1025
67108864 1024 1.16888
4099
67108864 4098 4.70962
16385
67108864 16384 18.8429
65537
67108864 65536 75.5649
1
268435456 0 0.0104098
2
268435456 1 0.0191003
17
268435456 16 0.0625842
65
268435456 64 0.285601
257
268435456 256 1.15783
1025
268435456 1024 4.66947
4099
268435456 4098 18.8417
16385
268435456 16384 75.3702
65537
268435456 65536 301.799
1
1073741824 0 0.0461338
2
1073741824 1 0.0515911
17
1073741824 16 0.2491
65
1073741824 64 1.12944
257
1073741824 256 4.63028
1025
1073741824 1024 18.7622
4099
1073741824 4098 75.3558
16385
1073741824 16384 300.868
65537
1073741824 65536 1206.37
1
17179869184 0 0.634815
2
17179869184 1 0.767672
17
17179869184 16 3.97736
65
17179869184 64 17.7933
257
17179869184 256 74.145
1025
17179869184 1024 301.222
4099
17179869184 4098 1206.43
16385
17179869184 16384 4809.91
65537
17179869184 65536 19287.6
1
34359738368 0 1.26453
2
34359738368 1 1.536
17
34359738368 16 7.99105
65
34359738368 64 35.4876
257
34359738368 256 148.386
1025
34359738368 1024 602.091
4099
34359738368 4098 2412.75
16385
34359738368 16384 9621.25
65537
34359738368 65536 38613.4
1
68719476736 0 2.52607
2
68719476736 1 3.0653
17
68719476736 16 16.0022
65
68719476736 64 70.9888
257
68719476736 256 296.78
1025
68719476736 1024 1204.2
4099
68719476736 4098 4825.63
