1
16777216 0 0.0030226
2
16777216 1 0.00301924
17
16777216 16 0.00308808
65
16777216 64 0.00329749
257
16777216 256 0.00406278
1025
16777216 1024 0.00741666
4099
16777216 4098 0.0205994
16385
16777216 16384 0.0733203
1
67108864 0 0.0107066
2
67108864 1 0.0106733
17
67108864 16 0.0108626
65
67108864 64 0.0115892
257
67108864 256 0.0149095
1025
67108864 1024 0.0280596
4099
67108864 4098 0.0807577
16385
67108864 16384 0.291273
1
268435456 0 0.0408746
2
268435456 1 0.0408765
17
268435456 16 0.0415955
65
268435456 64 0.044583
257
268435456 256 0.0577584
1025
268435456 1024 0.110334
4099
268435456 4098 0.321088
16385
268435456 16384 1.16285
1
1073741824 0 0.16157
2
1073741824 1 0.161569
17
1073741824 16 0.164603
65
1073741824 64 0.176446
257
1073741824 256 0.229115
1025
1073741824 1024 0.439488
4099
1073741824 4098 1.28243
16385
1073741824 16384 4.65097
1
17179869184 0 2.57611
2
17179869184 1 2.57621
17
17179869184 16 2.62166
65
17179869184 64 2.81392
257
17179869184 256 3.65483
1025
17179869184 1024 7.02024
4099
17179869184 4098 20.4888
16385
17179869184 16384 74.3592
