1
16777216 0 0.406778
2
16777216 1 0.405534
17
16777216 16 0.41432
65
16777216 64 0.42709
257
16777216 256 0.407652
1025
16777216 1024 0.413592
4099
16777216 4098 0.425395
16385
16777216 16384 0.476446
1
67108864 0 0.422315
2
67108864 1 0.420535
17
67108864 16 0.418514
65
67108864 64 0.421052
257
67108864 256 0.422661
1025
67108864 1024 0.434981
4099
67108864 4098 0.48893
16385
67108864 16384 0.699093
1
268435456 0 0.475463
2
268435456 1 0.478667
17
268435456 16 0.478755
65
268435456 64 0.50061
257
268435456 256 0.496539
1025
268435456 1024 0.551034
4099
268435456 4098 0.753715
16385
268435456 16384 1.59896
1
1073741824 0 0.788454
2
1073741824 1 0.774827
17
1073741824 16 0.717084
65
1073741824 64 0.74723
257
1073741824 256 0.862081
1025
1073741824 1024 1.07023
4099
1073741824 4098 1.8395
16385
1073741824 16384 5.2683
1
17179869184 0 5.92256
2
17179869184 1 5.78062
17
17179869184 16 5.82887
65
17179869184 64 6.0458
257
17179869184 256 6.73221
1025
17179869184 1024 10.0678
4099
17179869184 4098 23.244
16385
17179869184 16384 77.6076
