1
16777216 0 0.00303888
2
16777216 1 0.00300981
17
16777216 16 0.00311141
65
16777216 64 0.0033
257
16777216 256 0.00404661
1025
16777216 1024 0.00738336
4099
16777216 4098 0.0205776
16385
16777216 16384 0.0732191
1
67108864 0 0.0107046
2
67108864 1 0.0107637
17
67108864 16 0.010937
65
67108864 64 0.0116764
257
67108864 256 0.0149921
1025
67108864 1024 0.028169
4099
67108864 4098 0.0807604
16385
67108864 16384 0.291809
1
268435456 0 0.0422443
2
268435456 1 0.0422321
17
268435456 16 0.0430519
65
268435456 64 0.0461087
257
268435456 256 0.0592733
1025
268435456 1024 0.111955
4099
268435456 4098 0.322862
16385
268435456 16384 1.16639
1
1073741824 0 0.17086
2
1073741824 1 0.170916
17
1073741824 16 0.174053
65
1073741824 64 0.186185
257
1073741824 256 0.238825
1025
1073741824 1024 0.449572
4099
1073741824 4098 1.29329
16385
1073741824 16384 4.66748
1
17179869184 0 2.77746
2
17179869184 1 2.77756
17
17179869184 16 2.82868
65
17179869184 64 3.02252
257
17179869184 256 3.86397
1025
17179869184 1024 7.23642
4099
17179869184 4098 20.7352
16385
17179869184 16384 74.6548
1
34359738368 0 5.55586
2
34359738368 1 5.55642
17
34359738368 16 5.6589
65
34359738368 64 6.04586
257
34359738368 256 7.72979
1025
34359738368 1024 14.4746
4099
34359738368 4098 41.4694
16385
34359738368 16384 149.282
1
68719476736 0 11.1229
2
68719476736 1 11.1234
17
68719476736 16 11.3272
65
68719476736 64 12.1017
257
68719476736 256 15.4682
1025
68719476736 1024 28.961
4099
68719476736 4098 82.9555
16385
68719476736 16384 298.724
