1
16777216 0 0.0111281
2
16777216 1 0.0169919
17
16777216 16 0.0552632
65
16777216 64 0.200888
257
16777216 256 0.94743
1025
16777216 1024 3.95609
4099
16777216 4098 15.8862
1
67108864 0 0.0176974
2
67108864 1 0.0170615
17
67108864 16 0.128622
65
67108864 64 0.710167
257
67108864 256 3.73027
1025
67108864 1024 15.6497
4099
67108864 4098 63.8229
1
268435456 0 0.0596505
2
268435456 1 0.0684836
17
268435456 16 0.484108
65
268435456 64 2.81762
257
268435456 256 14.7809
1025
268435456 1024 62.951
4099
268435456 4098 254.495
1
1073741824 0 0.238607
2
1073741824 1 0.270496
17
1073741824 16 1.93391
65
1073741824 64 11.1326
257
1073741824 256 59.2223
1025
1073741824 1024 248.444
4099
1073741824 4098 1019.15
1
17179869184 0 3.79827
2
17179869184 1 4.37356
17
17179869184 16 30.9546
65
17179869184 64 177.626
257
17179869184 256 945.85
1025
17179869184 1024 3970.15
4099
17179869184 4098 16321.5
