1
16777216 0 0.0134721
2
16777216 1 0.010862
17
16777216 16 0.0164863
65
16777216 64 0.0463382
257
16777216 256 0.0744175
1025
16777216 1024 0.219816
4099
16777216 4098 0.885928
1
67108864 0 0.00668687
2
67108864 1 0.00711385
17
67108864 16 0.0136403
65
67108864 64 0.0746593
257
67108864 256 0.208767
1025
67108864 1024 0.868826
4099
67108864 4098 3.52186
1
268435456 0 0.0372734
2
268435456 1 0.041691
17
268435456 16 0.06518
65
268435456 64 0.188336
257
268435456 256 0.852181
1025
268435456 1024 3.51305
4099
268435456 4098 14.12
1
1073741824 0 0.0916131
2
1073741824 1 0.102452
17
1073741824 16 0.148655
65
1073741824 64 0.634929
257
1073741824 256 3.2862
1025
1073741824 1024 13.8073
4099
1073741824 4098 55.5222
1
17179869184 0 1.15804
2
17179869184 1 1.12367
17
17179869184 16 1.60902
65
17179869184 64 9.30909
257
17179869184 256 50.957
1025
17179869184 1024 217.147
4099
17179869184 4098 882.727
1
68719476736 0 4.23019
2
68719476736 1 4.18958
17
68719476736 16 6.24504
65
68719476736 64 37.0252
257
68719476736 256 203.399
1025
68719476736 1024 867.796
4099
68719476736 4098 3528.17
1
17179869184 0 1.10104
2
17179869184 1 1.10005
17
17179869184 16 1.61166
65
17179869184 64 9.29895
257
17179869184 256 50.8574
1025
17179869184 1024 216.895
4099
17179869184 4098 882.868
1
17179869184 0 1.19228
2
17179869184 1 1.17494
17
17179869184 16 1.60765
65
17179869184 64 9.2923
257
17179869184 256 50.8507
1025
17179869184 1024 217.061
4099
17179869184 4098 882.655
