1
16777216 0 0.00178571
2
16777216 1 0.0012786
17
16777216 16 0.00164264
65
16777216 64 0.00144961
257
16777216 256 0.00205493
1025
16777216 1024 0.00452343
4099
16777216 4098 0.0146478
16385
16777216 16384 0.0549466
1
67108864 0 0.00304137
2
67108864 1 0.00342847
17
67108864 16 0.00329986
65
67108864 64 0.00382982
257
67108864 256 0.00635262
1025
67108864 1024 0.0163338
4099
67108864 4098 0.0565502
16385
67108864 16384 0.218004
1
268435456 0 0.00987835
2
268435456 1 0.00988254
17
268435456 16 0.0105384
65
268435456 64 0.0128791
257
268435456 256 0.0230444
1025
268435456 1024 0.0632321
4099
268435456 4098 0.224384
16385
268435456 16384 0.868579
1
1073741824 0 0.0370114
2
1073741824 1 0.0369508
17
1073741824 16 0.039605
65
1073741824 64 0.0489232
257
1073741824 256 0.089266
1025
1073741824 1024 0.250309
4099
1073741824 4098 0.895017
16385
1073741824 16384 3.4718
1
17179869184 0 0.578568
2
17179869184 1 0.578784
17
17179869184 16 0.618418
65
17179869184 64 0.767543
257
17179869184 256 1.41066
1025
17179869184 1024 3.98734
4099
17179869184 4098 14.2965
16385
17179869184 16384 55.5296
