1
16777216 0 0.228568
2
16777216 1 0.215633
17
16777216 16 0.20985
65
16777216 64 0.286044
257
16777216 256 0.221986
1025
16777216 1024 0.220359
4099
16777216 4098 0.22803
16385
16777216 16384 0.279954
1
67108864 0 0.262957
2
67108864 1 0.222506
17
67108864 16 0.228744
65
67108864 64 0.228279
257
67108864 256 0.277476
1025
67108864 1024 0.243179
4099
67108864 4098 0.258507
16385
67108864 16384 0.411124
1
268435456 0 0.302711
2
268435456 1 0.256058
17
268435456 16 0.197694
65
268435456 64 0.264487
257
268435456 256 0.266346
1025
268435456 1024 0.359562
4099
268435456 4098 0.455176
16385
268435456 16384 1.10477
1
1073741824 0 0.259546
2
1073741824 1 0.318387
17
1073741824 16 0.264078
65
1073741824 64 0.272075
257
1073741824 256 0.308106
1025
1073741824 1024 0.472053
4099
1073741824 4098 1.15247
16385
1073741824 16384 3.68023
1
17179869184 0 3.00302
2
17179869184 1 2.24442
17
17179869184 16 2.31207
65
17179869184 64 2.14296
257
17179869184 256 1.78012
1025
17179869184 1024 5.35148
4099
17179869184 4098 15.7617
16385
17179869184 16384 55.952
