1
16777216 0 0.00397517
2
16777216 1 0.00399427
17
16777216 16 0.00413347
65
16777216 64 0.00455146
257
16777216 256 0.00463744
1025
16777216 1024 0.0105328
4099
16777216 4098 0.0173637
16385
16777216 16384 0.0582546
1
67108864 0 0.00588206
2
67108864 1 0.00537214
17
67108864 16 0.00586696
65
67108864 64 0.00682546
257
67108864 256 0.00877357
1025
67108864 1024 0.0190908
4099
67108864 4098 0.0590322
16385
67108864 16384 0.220354
1
268435456 0 0.0112413
2
268435456 1 0.0114109
17
268435456 16 0.0117848
65
268435456 64 0.0145754
257
268435456 256 0.024754
1025
268435456 1024 0.0646229
4099
268435456 4098 0.226164
16385
268435456 16384 0.871509
1
1073741824 0 0.0350446
2
1073741824 1 0.0348316
17
1073741824 16 0.0374269
65
1073741824 64 0.0470336
257
1073741824 256 0.0874807
1025
1073741824 1024 0.248355
4099
1073741824 4098 0.893901
16385
1073741824 16384 3.47448
1
17179869184 0 0.507492
2
17179869184 1 0.506738
17
17179869184 16 0.547416
65
17179869184 64 0.695519
257
17179869184 256 1.34133
1025
17179869184 1024 3.92185
4099
17179869184 4098 14.2451
16385
17179869184 16384 55.5373
1
17179869184 0 0.505944
2
17179869184 1 0.506156
17
17179869184 16 0.547098
65
17179869184 64 0.695954
257
17179869184 256 1.34038
1025
17179869184 1024 3.92085
4099
17179869184 4098 14.2446
16385
17179869184 16384 55.5363
1
68719476736 0 2.01264
2
68719476736 1 2.01415
17
68719476736 16 2.175
65
68719476736 64 2.77324
257
68719476736 256 5.35356
1025
68719476736 1024 15.6728
4099
68719476736 4098 56.9744
16385
68719476736 16384 222.137
