1
16777216 0 0.00448231
2
16777216 1 0.00451147
Result is incorrect. In particular array[0] should be 17 not 17
17
16777216 16 0.00427852
65
16777216 64 0.00453542
257
16777216 256 0.0056458
1025
16777216 1024 0.0100911
4099
16777216 4098 0.0279441
Result is incorrect. In particular array[0] should be 16385 not 16385
16385
16777216 16384 0.0992268
1
67108864 0 0.0204243
2
67108864 1 0.0203696
17
67108864 16 0.020619
65
67108864 64 0.0216722
257
67108864 256 0.0261237
1025
67108864 1024 0.0440108
4099
67108864 4098 0.115243
16385
67108864 16384 0.400026
1
268435456 0 0.0857772
2
268435456 1 0.0858093
17
268435456 16 0.0869636
65
268435456 64 0.0910024
257
268435456 256 0.109016
1025
268435456 1024 0.180157
4099
268435456 4098 0.465045
16385
268435456 16384 1.60381
1
1073741824 0 0.351933
2
1073741824 1 0.352013
17
1073741824 16 0.355661
65
1073741824 64 0.372737
257
1073741824 256 0.443851
1025
1073741824 1024 0.728661
4099
1073741824 4098 1.86756
16385
1073741824 16384 6.42258
1
4294967296 0 1.432
2
4294967296 1 1.43171
17
4294967296 16 1.45853
65
4294967296 64 1.51677
257
4294967296 256 1.80584
1025
4294967296 1024 2.94006
4099
4294967296 4098 7.49587
16385
4294967296 16384 25.723
1
17179869184 0 5.79102
2
17179869184 1 5.75472
17
17179869184 16 5.82567
65
17179869184 64 6.09398
257
17179869184 256 7.23162
1025
17179869184 1024 11.7885
4099
17179869184 4098 30.0092
16385
17179869184 16384 102.89
1
34359738368 0 11.6045
2
34359738368 1 11.5209
17
34359738368 16 11.7526
65
34359738368 64 12.2007
257
34359738368 256 14.4733
1025
34359738368 1024 23.6409
4099
34359738368 4098 60.0954
16385
34359738368 16384 205.885
1
51539607552 0 17.2816
2
51539607552 1 17.4413
17
51539607552 16 17.5879
65
51539607552 64 18.3901
257
51539607552 256 21.7137
1025
51539607552 1024 35.3839
4099
51539607552 4098 90.0532
16385
51539607552 16384 308.822
