1
16777216 0 0.0104982
2
16777216 1 0.0108439
17
16777216 16 0.0105207
65
16777216 64 0.0104461
257
16777216 256 0.0119233
1025
16777216 1024 0.0116577
4099
16777216 4098 0.0295316
16385
16777216 16384 0.10063
1
67108864 0 0.0219825
2
67108864 1 0.021888
17
67108864 16 0.0222753
65
67108864 64 0.0232584
257
67108864 256 0.0278243
1025
67108864 1024 0.0455411
4099
67108864 4098 0.116789
16385
67108864 16384 0.40134
1
268435456 0 0.0859649
2
268435456 1 0.0860636
17
268435456 16 0.0870315
65
268435456 64 0.0912756
257
268435456 256 0.109165
1025
268435456 1024 0.180518
4099
268435456 4098 0.464619
16385
268435456 16384 1.60324
1
1073741824 0 0.34166
2
1073741824 1 0.342155
17
1073741824 16 0.345438
65
1073741824 64 0.362455
257
1073741824 256 0.433486
1025
1073741824 1024 0.718059
4099
1073741824 4098 1.85614
16385
1073741824 16384 6.40803
1
4294967296 0 1.37531
2
4294967296 1 1.37538
17
4294967296 16 1.39136
65
4294967296 64 1.45941
257
4294967296 256 1.74353
1025
4294967296 1024 2.88206
4099
4294967296 4098 7.43403
16385
4294967296 16384 25.6416
1
17179869184 0 5.53468
2
17179869184 1 5.50961
17
17179869184 16 5.57334
65
17179869184 64 5.84631
257
17179869184 256 6.98301
1025
17179869184 1024 11.5364
4099
17179869184 4098 29.7446
16385
17179869184 16384 102.575
