1
16777216 0 0.161424
2
16777216 1 0.159373
17
16777216 16 0.158684
65
16777216 64 0.161814
257
16777216 256 0.161624
1025
16777216 1024 0.160655
4099
16777216 4098 0.182629
16385
16777216 16384 0.253034
1
67108864 0 0.197793
2
67108864 1 0.196565
17
67108864 16 0.198097
65
67108864 64 0.199114
257
67108864 256 0.203399
1025
67108864 1024 0.220319
4099
67108864 4098 0.292949
16385
67108864 16384 0.582576
1
268435456 0 0.350836
2
268435456 1 0.352253
17
268435456 16 0.35453
65
268435456 64 0.361623
257
268435456 256 0.375088
1025
268435456 1024 0.452485
4099
268435456 4098 0.731655
16385
268435456 16384 1.86885
1
1073741824 0 0.976228
2
1073741824 1 0.969438
17
1073741824 16 0.978564
65
1073741824 64 0.988698
257
1073741824 256 1.0717
1025
1073741824 1024 1.35032
4099
1073741824 4098 2.49547
16385
1073741824 16384 7.04495
1
4294967296 0 3.46247
2
4294967296 1 3.47052
17
4294967296 16 3.48292
65
4294967296 64 3.56931
257
4294967296 256 3.85473
1025
4294967296 1024 4.9885
4099
4294967296 4098 9.52377
16385
4294967296 16384 27.7848
1
17179869184 0 13.3673
2
17179869184 1 13.3307
17
17179869184 16 13.464
65
17179869184 64 13.7335
257
17179869184 256 14.797
1025
17179869184 1024 19.4581
4099
17179869184 4098 37.6611
16385
17179869184 16384 110.615
