1
16777216 0 0.0117536
2
16777216 1 0.0107785
17
16777216 16 0.00588417
65
16777216 64 0.00616852
257
16777216 256 0.00756108
1025
16777216 1024 0.0130582
4099
16777216 4098 0.0351533
16385
16777216 16384 0.123387
1
67108864 0 0.0225394
2
67108864 1 0.0224928
17
67108864 16 0.0225053
65
67108864 64 0.0236472
257
67108864 256 0.0291625
1025
67108864 1024 0.0512262
4099
67108864 4098 0.139403
16385
67108864 16384 0.492129
1
268435456 0 0.088741
2
268435456 1 0.0887467
17
268435456 16 0.0887625
65
268435456 64 0.0932239
257
268435456 256 0.115273
1025
268435456 1024 0.203488
4099
268435456 4098 0.556315
16385
268435456 16384 1.97045
1
1073741824 0 0.353525
2
1073741824 1 0.353651
17
1073741824 16 0.353423
65
1073741824 64 0.371413
257
1073741824 256 0.460817
1025
1073741824 1024 0.812081
4099
1073741824 4098 2.22284
16385
1073741824 16384 7.90477
1
4294967296 0 1.42105
2
4294967296 1 1.42104
17
4294967296 16 1.42092
65
4294967296 64 1.49689
257
4294967296 256 1.85241
1025
4294967296 1024 3.25597
4099
4294967296 4098 8.92156
16385
4294967296 16384 31.9882
1
8589934592 0 2.85646
2
8589934592 1 2.84382
17
8589934592 16 2.84394
65
8589934592 64 2.9988
257
8589934592 256 3.71119
1025
8589934592 1024 6.51632
4099
8589934592 4098 17.9377
16385
8589934592 16384 64.5749
