1
16777216 0 0.151424
2
16777216 1 0.148205
17
16777216 16 0.14675
65
16777216 64 0.14757
257
16777216 256 0.150209
1025
16777216 1024 0.154828
4099
16777216 4098 0.176301
16385
16777216 16384 0.263847
1
67108864 0 0.188288
2
67108864 1 0.184998
17
67108864 16 0.187407
65
67108864 64 0.186478
257
67108864 256 0.195417
1025
67108864 1024 0.215048
4099
67108864 4098 0.309278
16385
67108864 16384 0.660807
1
268435456 0 0.350093
2
268435456 1 0.346247
17
268435456 16 0.349346
65
268435456 64 0.347001
257
268435456 256 0.380645
1025
268435456 1024 0.46734
4099
268435456 4098 0.812469
16385
268435456 16384 2.22709
1
1073741824 0 0.971749
2
1073741824 1 0.985095
17
1073741824 16 0.977537
65
1073741824 64 1.0128
257
1073741824 256 1.07948
1025
1073741824 1024 1.46091
4099
1073741824 4098 2.8509
16385
1073741824 16384 8.50876
1
4294967296 0 3.50004
2
4294967296 1 3.57542
17
4294967296 16 3.52092
65
4294967296 64 3.66139
257
4294967296 256 3.93945
1025
4294967296 1024 5.45087
4099
4294967296 4098 11.0126
16385
4294967296 16384 33.9983
1
8589934592 0 6.87796
2
8589934592 1 7.03994
17
8589934592 16 7.07774
65
8589934592 64 7.05667
257
8589934592 256 7.87711
1025
8589934592 1024 10.6871
4099
8589934592 4098 22.1697
16385
8589934592 16384 68.7203
