1
16777216 0 0.00473944
Result is incorrect. In particular array[0] should be 2 not 2
2
16777216 1 0.00427012
17
16777216 16 0.00428171
65
16777216 64 0.00456522
257
16777216 256 0.00594858
1025
16777216 1024 0.0114666
Result is incorrect. In particular array[0] should be 4099 not 4099
4099
16777216 4098 0.0335409
16385
16777216 16384 0.12182
1
67108864 0 0.0210332
2
67108864 1 0.0210177
17
67108864 16 0.0210502
65
67108864 64 0.0221765
257
67108864 256 0.0276871
1025
67108864 1024 0.0498023
4099
67108864 4098 0.138053
16385
67108864 16384 0.491178
1
268435456 0 0.0895999
2
268435456 1 0.0896456
17
268435456 16 0.0896477
65
268435456 64 0.0941871
257
268435456 256 0.116279
1025
268435456 1024 0.204571
4099
268435456 4098 0.557742
16385
268435456 16384 1.96965
1
1073741824 0 0.369546
2
1073741824 1 0.369568
17
1073741824 16 0.369529
65
1073741824 64 0.387543
257
1073741824 256 0.475928
1025
1073741824 1024 0.829194
4099
1073741824 4098 2.24115
16385
1073741824 16384 7.88993
1
4294967296 0 1.50495
2
4294967296 1 1.5056
17
4294967296 16 1.50546
65
4294967296 64 1.57816
257
4294967296 256 1.93102
1025
4294967296 1024 3.34413
4099
4294967296 4098 8.9918
16385
4294967296 16384 31.8839
1
8589934592 0 3.01995
2
8589934592 1 3.01928
17
8589934592 16 3.01994
65
8589934592 64 3.1659
257
8589934592 256 3.87206
1025
8589934592 1024 6.69731
4099
8589934592 4098 17.994
16385
8589934592 16384 64.1874
1
17179869184 0 6.05772
2
17179869184 1 6.04753
17
17179869184 16 6.05805
65
17179869184 64 6.34175
257
17179869184 256 7.75339
1025
17179869184 1024 13.4059
4099
17179869184 4098 36.0029
16385
17179869184 16384 128.744
1
34359738368 0 12.1045
2
34359738368 1 12.1088
17
34359738368 16 12.1059
65
34359738368 64 12.6877
257
34359738368 256 15.5114
1025
34359738368 1024 26.8095
4099
34359738368 4098 72.2978
16385
34359738368 16384 256.818
1
51539607552 0 18.1645
2
51539607552 1 18.1612
17
51539607552 16 18.1609
65
51539607552 64 19.0333
257
51539607552 256 23.271
1025
51539607552 1024 40.2484
4099
51539607552 4098 108.545
16385
51539607552 16384 383.301
