1
16777216 0 0.00471131
2
16777216 1 0.00581794
17
16777216 16 0.0220525
65
16777216 64 0.0846023
257
16777216 256 0.575944
1025
16777216 1024 2.42403
4099
16777216 4098 9.81796
16385
16777216 16384 39.3769
65537
16777216 65536 157.64
1
67108864 0 0.0207669
2
67108864 1 0.0243179
17
67108864 16 0.0886908
65
67108864 64 0.338379
257
67108864 256 2.30211
1025
67108864 1024 9.69594
4099
67108864 4098 39.281
16385
67108864 16384 157.509
65537
67108864 65536 630.564
1
268435456 0 0.0837285
2
268435456 1 0.0972774
17
268435456 16 0.355174
65
268435456 64 1.35361
257
268435456 256 9.21762
1025
268435456 1024 38.7752
4099
268435456 4098 157.12
16385
268435456 16384 630.027
65537
268435456 65536 2522.22
1
1073741824 0 0.347482
2
1073741824 1 0.384848
17
1073741824 16 1.42223
65
1073741824 64 5.44514
257
1073741824 256 36.8705
1025
1073741824 1024 155.128
4099
1073741824 4098 628.479
16385
1073741824 16384 2520.09
65537
1073741824 65536 10088.8
1
4294967296 0 1.39423
2
4294967296 1 1.55101
17
4294967296 16 5.72595
65
4294967296 64 21.7429
257
4294967296 256 147.486
1025
4294967296 1024 620.546
4099
4294967296 4098 2513.91
16385
4294967296 16384 10080.5
65537
4294967296 65536 40355.8
1
8589934592 0 2.84795
2
8589934592 1 3.11171
17
8589934592 16 11.4613
65
8589934592 64 43.7989
257
8589934592 256 294.979
1025
8589934592 1024 1241.09
