1
16777216 0 0.0103071
2
16777216 1 0.0056911
17
16777216 16 0.00573504
65
16777216 64 0.00586809
257
16777216 256 0.00644214
1025
16777216 1024 0.00868679
4099
16777216 4098 0.017723
16385
16777216 16384 0.0542111
1
67108864 0 0.0226961
2
67108864 1 0.0225548
17
67108864 16 0.0225357
65
67108864 64 0.0227717
257
67108864 256 0.0249402
1025
67108864 1024 0.0340229
4099
67108864 4098 0.0700724
16385
67108864 16384 0.223749
1
268435456 0 0.0888349
2
268435456 1 0.0888948
17
268435456 16 0.0889029
65
268435456 64 0.0894686
257
268435456 256 0.0984151
1025
268435456 1024 0.135064
4099
268435456 4098 0.287696
16385
268435456 16384 0.899882
1
1073741824 0 0.354345
2
1073741824 1 0.353245
17
1073741824 16 0.353965
65
1073741824 64 0.35527
257
1073741824 256 0.392093
1025
1073741824 1024 0.543872
4099
1073741824 4098 1.15812
16385
1073741824 16384 3.65406
1
4294967296 0 1.41906
2
4294967296 1 1.41905
17
4294967296 16 1.41897
65
4294967296 64 1.42806
257
4294967296 256 1.59017
1025
4294967296 1024 2.19323
4099
4294967296 4098 4.67791
16385
4294967296 16384 14.7372
1
8589934592 0 2.85188
2
8589934592 1 2.83945
17
8589934592 16 2.84099
65
8589934592 64 2.85943
257
8589934592 256 3.18617
1025
8589934592 1024 4.39788
4099
8589934592 4098 9.40299
16385
8589934592 16384 29.4096
