1
16777216 0 0.154551
2
16777216 1 0.158359
17
16777216 16 0.150227
65
16777216 64 0.149664
257
16777216 256 0.149219
1025
16777216 1024 0.154645
4099
16777216 4098 0.163063
16385
16777216 16384 0.20264
1
67108864 0 0.197996
2
67108864 1 0.187983
17
67108864 16 0.195781
65
67108864 64 0.195125
257
67108864 256 0.198948
1025
67108864 1024 0.201876
4099
67108864 4098 0.23712
16385
67108864 16384 0.393273
1
268435456 0 0.346823
2
268435456 1 0.345873
17
268435456 16 0.346656
65
268435456 64 0.343404
257
268435456 256 0.355455
1025
268435456 1024 0.388426
4099
268435456 4098 0.539835
16385
268435456 16384 1.14771
1
1073741824 0 0.957135
2
1073741824 1 0.958083
17
1073741824 16 0.960723
65
1073741824 64 0.962802
257
1073741824 256 1.00149
1025
1073741824 1024 1.14211
4099
1073741824 4098 1.76042
16385
1073741824 16384 4.25007
1
4294967296 0 3.43137
2
4294967296 1 3.43412
17
4294967296 16 3.46295
65
4294967296 64 3.41995
257
4294967296 256 3.60083
1025
4294967296 1024 4.21185
4099
4294967296 4098 6.68031
16385
4294967296 16384 16.6361
1
8589934592 0 6.71809
2
8589934592 1 6.72677
17
8589934592 16 6.80045
65
8589934592 64 6.77557
257
8589934592 256 7.06547
1025
8589934592 1024 8.36715
4099
8589934592 4098 13.2675
16385
8589934592 16384 33.537
